A = [1:5; 6:10; 11:15; 16:20];
A(1:4,2);